0.29434752464294434
0.2515493333339691
0.2888893485069275
0.2923487424850464
0.2907330095767975
0.25657254457473755
0.29279953241348267
0.28851082921028137
0.289902001619339
0.29063671827316284
0.28601935505867004
0.2918930947780609
0.2848677635192871
0.2914813756942749
0.28858160972595215
0.2896775007247925
0.28204816579818726
0.2883952856063843
0.28731653094291687
0.2899903953075409
0.2857210338115692
0.29175227880477905
0.2861306369304657
0.2895606458187103
0.28556403517723083
0.2848871648311615
0.28773605823516846
0.29032331705093384
0.2535672187805176
0.27922654151916504
0.2855386435985565
0.287574827671051
0.2918212413787842
0.2909645736217499
0.2552577257156372
0.2910535931587219
0.2904292941093445
0.29019680619239807
0.28839781880378723
0.2916654348373413
0.2874530553817749
0.2913128435611725
0.2889479696750641
0.29234039783477783
0.2820475101470947
0.25392526388168335
0.28898710012435913
0.28398212790489197
0.2887745499610901
0.287756085395813
0.2892272472381592
0.29048827290534973
0.28635501861572266
0.2921700179576874
0.2871944308280945
0.2911265790462494
0.29223522543907166
0.28641384840011597
0.28911954164505005
0.2843380868434906
0.29273876547813416
0.28928473591804504
0.29081207513809204
0.2867192029953003
0.2892824411392212
0.2799999713897705
0.2915726602077484
0.29606783390045166
0.2898558974266052
0.28961071372032166
0.289893239736557
0.2827835977077484
0.2876603603363037
0.2922026813030243
0.29236310720443726
0.2843082547187805
0.2899487614631653
0.28345486521720886
0.28808194398880005
0.2950986921787262
0.2908508777618408
0.28867107629776
0.28775036334991455
0.2893877625465393
0.29315122961997986
0.29197055101394653
0.21767428517341614
0.29232215881347656
0.2877509593963623
0.2921542823314667
0.29066747426986694
0.2859095335006714
0.28943708539009094
0.2975013554096222
0.2885628938674927
0.2840687334537506
0.28889593482017517
0.28343889117240906
0.2864287793636322
0.2880232036113739
0.2863268554210663
0.2882019281387329
0.2884317636489868
0.2897936999797821
0.28379032015800476
0.28894343972206116
0.2560317814350128
0.2926557660102844
0.29635006189346313
0.2895139157772064
0.25571438670158386
0.28573042154312134
0.2909311056137085
0.2924903929233551
0.293714702129364
0.2879778742790222
0.289104163646698
0.285695344209671
0.2892448604106903
0.2902413308620453
0.2858790457248688
0.28887200355529785
0.2876565158367157
0.28374025225639343
0.29523903131484985
0.28674429655075073
0.28617531061172485
0.28825557231903076
0.28601306676864624
0.2852626144886017
0.28710222244262695
0.2887788414955139
0.28526589274406433
0.28880488872528076
0.2797507643699646
0.2859669029712677
0.29037168622016907
0.2920764684677124
0.28289324045181274
0.28695806860923767
0.2887443006038666
0.28815561532974243
0.28855621814727783
0.28831154108047485
0.2874755561351776
0.28476110100746155
0.22107982635498047
0.2850584387779236
0.2852230966091156
0.29370972514152527
0.28823554515838623
0.2850608825683594
0.2898266315460205
0.29848676919937134
0.28914931416511536
0.2918790280818939
0.2547076940536499
0.2860119640827179
0.2787734568119049
0.2916851341724396
0.2873999774456024
0.28989377617836
0.28421247005462646
0.2519327700138092
0.293817937374115
0.292319118976593
0.25087296962738037
0.29126039147377014
0.2865883708000183
0.28767964243888855
0.29213660955429077
0.2862274944782257
0.29203087091445923
0.2925223708152771
0.28368091583251953
0.28515663743019104
0.2881929576396942
0.2913894057273865
0.29250672459602356
0.29056036472320557
0.2872333526611328
0.285511314868927
0.2892111539840698
0.29259276390075684
0.2818530797958374
0.2861999273300171
0.2905302941799164
0.2929854393005371
0.28793370723724365
0.29020336270332336
0.2911098003387451
0.2903602719306946
0.29203274846076965
0.2895897626876831
0.29188424348831177
0.287558376789093
0.2868037223815918
0.2925287187099457
0.2915608882904053
0.28480851650238037
0.28909897804260254
0.2861432135105133
0.2876788079738617
0.29416894912719727
0.29083332419395447
0.28077587485313416
0.28815656900405884
0.29660171270370483
0.28199058771133423
0.2853989601135254
0.28755849599838257
0.2869413197040558
0.2883734405040741
0.2830131947994232
0.2926819622516632
0.2876255512237549
0.2858167886734009
0.28617286682128906
0.2871527075767517
0.29120904207229614
0.28221869468688965
0.2917490601539612
0.2943993806838989
0.2913592755794525
0.2916138768196106
0.28909170627593994
0.2524247467517853
0.2855878472328186
0.2918570339679718
0.2879766523838043
0.28247055411338806
0.287675678730011
0.2931247353553772
0.28663545846939087
0.28820908069610596
0.292354941368103
0.28393006324768066
0.2877829372882843
0.28001344203948975
0.256367564201355
0.2879170775413513
0.2848384380340576
0.2935859262943268
0.28728559613227844
0.28858086466789246
0.29216039180755615
0.2864551246166229
0.2877999246120453
0.2883409559726715
0.28899669647216797
0.29306384921073914
0.2948387861251831
0.29873353242874146
0.2895783483982086
0.28348594903945923
0.2839621305465698
0.29284465312957764
0.2859762907028198
0.2881799340248108
0.29115086793899536
0.2896222174167633
0.2894524931907654
0.28802645206451416
0.29067808389663696
0.2904001474380493
0.2831903100013733
0.2879582643508911
0.28437626361846924
0.25331300497055054
0.28519269824028015
0.28120696544647217
0.2950454354286194
0.2870164215564728
0.29149025678634644
0.2912754714488983
0.2905368208885193
0.2157658338546753
0.2867567539215088
0.2876964509487152
0.28966081142425537
0.2857283353805542
0.2890097498893738
0.29038411378860474
0.2837591767311096
0.2518170177936554
0.28832191228866577
0.2918832302093506
0.2912902534008026
0.2962009012699127
0.28588640689849854
0.2875820994377136
0.2890077531337738
0.253825306892395
0.25506505370140076
0.28580862283706665
0.28712892532348633
0.29037198424339294
0.29266777634620667
0.2863200008869171
0.2915070354938507
0.2763945460319519
0.2549513578414917
0.28815603256225586
0.2849538326263428
0.28360357880592346
0.28629016876220703
0.2568104565143585
0.28840577602386475
0.28486329317092896
0.28490149974823
0.29196909070014954
0.2862016260623932
0.2910504639148712
0.2866150736808777
0.2887531816959381
0.29183149337768555
0.28952696919441223
0.28792843222618103
0.28802117705345154
0.2830771207809448
0.29230162501335144
0.29510921239852905
0.2894801199436188
0.2931673228740692
0.2888314127922058
0.291537344455719
0.2919141352176666
0.28110307455062866
0.2885199189186096
0.28230664134025574
0.28904998302459717
0.2834416627883911
0.2476452887058258
0.2829689383506775
0.28933432698249817
0.25515666604042053
0.28715819120407104
0.29188382625579834
0.288749098777771
0.2908656597137451
0.2893127202987671
0.2844856381416321
0.29219651222229004
0.29007449746131897
0.2884845733642578
0.2557036876678467
0.28965312242507935
0.2925802767276764
0.2832292914390564
0.03633280470967293
0.28645870089530945
0.28916576504707336
0.2917805314064026
0.22054821252822876
0.28854474425315857
0.28117138147354126
0.29063016176223755
0.28568553924560547
0.28644442558288574
0.2941792905330658
0.28418710827827454
0.29198405146598816
0.2838898003101349
0.28308430314064026
0.29289135336875916
0.29020005464553833
0.29025906324386597
0.2906944453716278
0.2832150459289551
0.2863229215145111
0.2903245985507965
0.2838232219219208
0.28965654969215393
0.28883522748947144
0.280551016330719
0.2825150787830353
0.2900925874710083
0.286282479763031
0.28729915618896484
0.29388725757598877
0.28851813077926636
0.28597864508628845
0.2964305877685547
0.2872936725616455
0.28320467472076416
0.29122456908226013
0.29146596789360046
0.29456695914268494
0.2902916967868805
0.2814915180206299
0.25027769804000854
0.2863540053367615
0.25672805309295654
0.28968167304992676
0.29123467206954956
0.036038339138031006
0.28673678636550903
0.2863006889820099
0.2875150442123413
0.29143333435058594
0.2899121642112732
0.28692734241485596
0.28876373171806335
0.2871484160423279
0.28721874952316284
0.29494744539260864
0.2555502653121948
0.2872629761695862
0.28471532464027405
0.29633012413978577
0.2912047803401947
0.2870086133480072
0.2936866879463196
0.286775141954422
0.2938190698623657
0.25437241792678833
0.2903882563114166
0.29129210114479065
0.2875027060508728
0.2911494970321655
0.2933756411075592
0.28589820861816406
0.2836020588874817
0.2873048484325409
0.29000645875930786
0.29218384623527527
0.28772491216659546
0.29251614212989807
0.29022350907325745
0.2891138792037964
0.2866755723953247
0.29407647252082825
0.29067668318748474
0.29232263565063477
0.2858026921749115
0.2893275022506714
0.2878025472164154
0.28575149178504944
0.2910327911376953
0.2918674349784851
0.25517478585243225
0.28574591875076294
0.28992679715156555
0.28815388679504395
0.29140543937683105
0.2865559160709381
0.28764820098876953
0.28768253326416016
0.28361207246780396
0.28676143288612366
0.28587526082992554
0.29012390971183777
0.29316288232803345
0.29265400767326355
0.21951612830162048
0.2838120460510254
0.25441861152648926
0.28947341442108154
0.29522600769996643
0.2870536148548126
0.2840193808078766
0.2835216522216797
0.29178810119628906
0.28863847255706787
0.2909199893474579
0.29282575845718384
0.2941204309463501
0.28301239013671875
0.2515975534915924
0.2927965223789215
0.289395272731781
0.28458231687545776
0.28616902232170105
0.28819629549980164
0.2884906232357025
0.2885555624961853
0.289864182472229
0.28977492451667786
0.2863928973674774
0.2531541585922241
0.2858395576477051
0.2875087559223175
0.2907463312149048
0.2907419204711914
0.28683072328567505
0.2857307493686676
0.2874600291252136
0.2907103896141052
0.2864305078983307
0.29169315099716187
0.29238998889923096
0.28947073221206665
0.28882044553756714
0.28928080201148987
0.2883829176425934
0.2887411117553711
0.2898032069206238
0.2903957664966583
0.2877064347267151
0.28499171137809753
0.2848377525806427
0.2866903245449066
0.2909194231033325
0.28660452365875244
0.28437289595603943
0.28145983815193176
0.28815507888793945
0.288602739572525
0.29112255573272705
0.286281555891037
0.2933729290962219
0.29347386956214905
0.2830185890197754
0.29623866081237793
0.29312199354171753
0.286819726228714
0.28720930218696594
0.2950029969215393
0.2912074327468872
0.2892923951148987
0.2890145182609558
0.29018211364746094
0.24788817763328552
0.284192830324173
0.2924495339393616
0.24822044372558594
0.2933635115623474
0.28797972202301025
0.2868492603302002
0.2830626368522644
0.0
0.2926104962825775
0.28929150104522705
0.2877063751220703
0.28865930438041687
0.2837533950805664
0.2866131663322449
0.2904230058193207
0.290670245885849
0.28924691677093506
0.28979170322418213
0.2882019579410553
0.2892386019229889
0.2875021994113922
0.2847020924091339
0.297228068113327
0.29680952429771423
0.28597500920295715
0.2900310158729553
0.25650161504745483
0.28690236806869507
0.2903645634651184
0.24749019742012024
0.28739503026008606
0.28678274154663086
0.28407031297683716
0.28603023290634155
0.28624671697616577
0.29125726222991943
0.2843741178512573
0.2854052484035492
0.29216712713241577
0.2921367883682251
0.28781718015670776
0.2876448333263397
0.28393393754959106
0.29135841131210327
0.2832452058792114
0.291321337223053
0.2910086214542389
0.2892231047153473
0.28670981526374817
0.2905292212963104
0.2546665072441101
0.2906716465950012
0.2928959131240845
0.2899070978164673
0.284518837928772
0.29168766736984253
0.28707265853881836
0.28645673394203186
0.29204174876213074
0.28941792249679565
0.2869153916835785
0.2879153788089752
0.29022735357284546
0.2844776511192322
0.2868419587612152
0.28827184438705444
0.28717613220214844
0.2900039255619049
0.28971683979034424
0.2829457223415375
0.29284173250198364
0.29919856786727905
0.28812867403030396
0.2883404493331909
0.2885945737361908
0.28014621138572693
0.2823246717453003
0.28517627716064453
0.2863221764564514
0.2860293686389923
0.28930509090423584
0.28368616104125977
0.2894648015499115
0.2883378267288208
0.29111939668655396
0.28695791959762573
0.2885720431804657
0.2902403771877289
0.2871248126029968
0.2869085669517517
0.2922680675983429
0.25548243522644043
0.2904758155345917
0.2865029573440552
0.2845783829689026
0.29336780309677124
0.2897316813468933
0.28828373551368713
0.29221779108047485
0.2858479619026184
0.2877832055091858
0.28988540172576904
0.2954789400100708
0.28706109523773193
0.29074010252952576
0.28881344199180603
0.29062020778656006
0.28695741295814514
0.28745806217193604
0.28946051001548767
0.2935939431190491
0.292532354593277
0.28957298398017883
0.2910397946834564
0.28591465950012207
0.2919754683971405
0.28597402572631836
0.2940603494644165
0.2853083312511444
0.28553223609924316
0.28738322854042053
0.2882857322692871
0.289856880903244
0.29012444615364075
0.29141953587532043
0.2906889319419861
0.29043278098106384
0.2858176827430725
0.2903296947479248
0.2537260353565216
0.2817453145980835
0.2905171513557434
0.2855704724788666
0.2856418788433075
0.29364508390426636
0.28607261180877686
0.29056209325790405
0.2915191650390625
0.28767141699790955
0.2816215753555298
0.28891241550445557
0.2838510274887085
0.2885126769542694
0.2911074161529541
0.2855904698371887
0.2845151126384735
0.2893914580345154
0.2902604043483734
0.28812602162361145
0.2869913876056671
0.2839547097682953
0.2863849401473999
0.28383901715278625
0.28719785809516907
0.2882261574268341
0.282686710357666
0.2922929525375366
0.25509312748908997
0.29288214445114136
0.2907169461250305
0.28959816694259644
0.2936376631259918
0.2885112166404724
0.28461968898773193
0.2848641574382782
0.28996700048446655
0.29070600867271423
0.28844621777534485
0.2866624593734741
0.2848875820636749
0.29195404052734375
0.28548988699913025
0.28273800015449524
0.29037022590637207
0.28491735458374023
0.2517131268978119
0.2895200550556183
0.285783976316452
0.2843630909919739
0.28415778279304504
0.2888428270816803
0.2925466299057007
0.2874157130718231
0.2938925623893738
0.2523341178894043
0.28817546367645264
0.28787288069725037
0.2848358154296875
0.2839292585849762
0.287631630897522
0.2915254533290863
0.2888389825820923
0.28656601905822754
0.29262208938598633
0.2863982021808624
0.2824390232563019
0.28294503688812256
0.2854462265968323
0.28965699672698975
0.28270673751831055
0.2919324040412903
0.28804850578308105
0.2904476821422577
0.2859107553958893
0.29361796379089355
0.2896571457386017
0.28343087434768677
0.288091778755188
0.29231756925582886
0.28668177127838135
0.29190483689308167
0.29096123576164246
0.28524431586265564
0.2890978753566742
0.288518488407135
0.2867946922779083
0.2907087802886963
0.28991153836250305
0.29258325695991516
0.28326407074928284
0.284872829914093
0.2830824553966522
0.2876558303833008
0.28802740573883057
0.21654385328292847
0.2856958508491516
0.29554492235183716
0.29126280546188354
0.2814443111419678
0.29101476073265076
0.28577694296836853
0.2894313931465149
0.29353442788124084
0.28311657905578613
0.2855488955974579
0.2883109152317047
0.2854228615760803
0.2897942364215851
0.29190516471862793
0.2844429910182953
0.2921634316444397
0.2909983992576599
0.28617316484451294
0.288133829832077
0.28449946641921997
0.28587326407432556
0.2552100419998169
0.248911052942276
0.2875654697418213
0.2779843211174011
0.29065653681755066
0.29115355014801025
0.2857944369316101
0.285663902759552
0.2883716821670532
0.288480669260025
0.28945642709732056
0.2967080771923065
0.2918201684951782
0.2862270474433899
0.2877975106239319
0.29014381766319275
0.28556716442108154
0.2877338230609894
0.2874353229999542
0.2839508056640625
0.29082849621772766
0.2833450436592102
0.2946380376815796
0.28418728709220886
0.28718143701553345
0.2895100712776184
0.29086652398109436
0.2180555909872055
0.28945696353912354
0.29331907629966736
0.2883698046207428
0.28983622789382935
0.28539785742759705
0.25574421882629395
0.27883678674697876
0.2868514358997345
0.29303792119026184
0.287900447845459
0.2945346236228943
0.2932882010936737
0.28362640738487244
0.2857716679573059
0.28969940543174744
0.2863198518753052
0.28815802931785583
0.2900935709476471
0.28472191095352173
0.2845500707626343
0.2883031368255615
0.2911120653152466
0.28246358036994934
0.2825812101364136
0.28331226110458374
0.2866033613681793
0.2909765839576721
0.28520649671554565
0.28839951753616333
0.28869953751564026
0.2881811857223511
0.2881636619567871
0.2905293405056
0.285429984331131
0.29144540429115295
0.2856847047805786
0.287101149559021
0.29267048835754395
0.2900488078594208
0.25270888209342957
0.2941558063030243
0.28675293922424316
0.29587090015411377
0.2529749572277069
0.2828938961029053
0.2877315282821655
0.28441622853279114
0.28447964787483215
0.2880794107913971
0.2917383313179016
0.2913811206817627
0.29369303584098816
0.2889885902404785
0.28306442499160767
0.2907651960849762
0.2891247570514679
0.28425124287605286
0.29209402203559875
0.2553856670856476
0.2918340861797333
0.28877773880958557
0.28440091013908386
0.2867228090763092
0.289072722196579
0.2881414294242859
0.2912529408931732
0.2894231975078583
0.2926258444786072
0.2898639440536499
0.2933594882488251
0.28655919432640076
0.2821348309516907
0.2847040295600891
0.2917439341545105
0.2916678488254547
0.28613096475601196
0.28938108682632446
0.25721895694732666
0.28847935795783997
0.2928686738014221
0.28760188817977905
0.28834593296051025
0.2875254452228546
0.2896099090576172
0.29171091318130493
0.25361084938049316
0.2892363369464874
0.25262850522994995
0.2939029335975647
0.2893688678741455
0.2864450216293335
0.28979653120040894
0.2847067713737488
0.283591628074646
0.2858563959598541
0.2876112461090088
0.28809478878974915
0.29044920206069946
0.2919269800186157
0.2916967272758484
0.25661227107048035
0.2563908100128174
0.28574037551879883
0.28416281938552856
0.28156426548957825
0.2903398275375366
0.2860826551914215
0.28528380393981934
0.29122811555862427
0.2861800193786621
0.2942257523536682
0.2891486883163452
0.2934601306915283
0.29352593421936035
0.2897568941116333
0.25505509972572327
0.29373249411582947
0.28463682532310486
0.29185357689857483
0.2850477993488312
0.2867004871368408
0.2907503843307495
0.2875581979751587
0.2518363296985626
0.28926023840904236
0.2867218255996704
0.29055315256118774
0.2830052971839905
0.29020926356315613
0.29016903042793274
0.2895945608615875
0.2880578637123108
0.28685030341148376
0.2884230613708496
0.29430902004241943
0.28743115067481995
0.29361507296562195
0.292867511510849
0.2911926805973053
0.28677237033843994
0.2537776231765747
0.2852938771247864
0.28975382447242737
0.29038146138191223
0.2784076929092407
0.2901231050491333
0.2888925075531006
0.2857460379600525
0.2849635183811188
0.2559005618095398
0.29252344369888306
0.2868238091468811
0.29211512207984924
0.25284072756767273
0.285677969455719
0.2889304757118225
0.25090065598487854
0.2823801636695862
0.2880975306034088
0.2899153232574463
0.2907988131046295
0.28849008679389954
0.2914625406265259
0.2915723919868469
0.2882539629936218
0.2910798490047455
0.291046142578125
0.28839871287345886
0.29269513487815857
0.28710928559303284
0.2853252589702606
0.28423646092414856
0.24876229465007782
0.25614669919013977
0.29085662961006165
0.2907884120941162
0.294162392616272
0.28261932730674744
0.28707051277160645
0.28472262620925903
0.2899529039859772
0.2848684787750244
0.2878838777542114
0.28819167613983154
0.21441340446472168
0.2857515215873718
0.2877303957939148
0.29481810331344604
0.18097183108329773
0.2859378159046173
0.2205803394317627
0.29211026430130005
0.2819361388683319
0.28438109159469604
0.2919764518737793
0.2913334369659424
0.25240975618362427
0.29091569781303406
0.2884308397769928
0.28264591097831726
0.2898956537246704
0.2865402102470398
0.2905084490776062
0.2885284125804901
0.2832483947277069
0.2910737097263336
0.29015031456947327
0.2928484082221985
0.2889195382595062
0.2945244610309601
0.25471580028533936
0.2902604937553406
0.28287723660469055
0.29625967144966125
0.28764280676841736
0.2874951660633087
0.28682392835617065
0.2815176248550415
0.2850467562675476
0.2870381474494934
0.2901584804058075
0.29065436124801636
0.2869541049003601
0.2910156846046448
0.28742772340774536
0.2908702790737152
0.287814199924469
0.28780627250671387
0.28997743129730225
0.28405410051345825
0.2865574359893799
0.288663774728775
0.2928372025489807
0.28691565990448
0.2962225675582886
0.2827218770980835
0.2808504104614258
0.28768980503082275
0.2894742786884308
0.2867833971977234
0.2515084743499756
0.28066474199295044
0.28122469782829285
0.27318307757377625
0.2869076132774353
0.28874582052230835
0.2768983542919159
0.27656179666519165
0.28939875960350037
0.2802911698818207
0.2776413857936859
0.28012266755104065
0.2843760848045349
0.2867855429649353
0.2841639518737793
0.27581626176834106
0.2718353271484375
0.2751690149307251
0.27652037143707275
0.27813294529914856
0.26891836524009705
0.23948940634727478
0.26777154207229614
0.27261635661125183
0.2862613797187805
0.2886580228805542
0.26567038893699646
0.2814822196960449
0.2590036392211914
0.2594611346721649
0.2595975697040558
0.26414093375205994
0.26446977257728577
0.2592795491218567
0.13971096277236938
0.2562762200832367
0.2605460584163666
0.25492843985557556
0.2584010362625122
0.27445605397224426
0.25621938705444336
0.2823088765144348
0.2521629333496094
0.24673247337341309
0.27584174275398254
0.2852066159248352
0.2491709440946579
0.25454050302505493
0.2501165568828583
0.2641492486000061
0.2107369601726532
0.24290181696414948
0.24573595821857452
0.24977722764015198
0.28505244851112366
0.2581292688846588
0.2766537666320801
0.2786844074726105
0.23978842794895172
0.24011112749576569
0.23628902435302734
0.2379029095172882
0.2368638515472412
0.24253061413764954
0.23583146929740906
0.25184884667396545
0.24233773350715637
0.23785081505775452
0.28488510847091675
0.2326597422361374
0.23406605422496796
0.29125845432281494
0.2261878252029419
0.24381467700004578
0.2357071489095688
0.23275767266750336
0.2282027155160904
0.22688794136047363
0.2701056897640228
0.26307937502861023
0.242537260055542
0.27562588453292847
0.27467936277389526
0.2281576246023178
0.28497955203056335
0.2235216200351715
0.2744784951210022
0.26841890811920166
0.24038317799568176
0.22015009820461273
0.23299658298492432
0.2100301831960678
0.22829431295394897
0.2110503613948822
0.21236692368984222
0.2907002866268158
0.22198335826396942
0.21562594175338745
0.2191188633441925
0.21957525610923767
0.2105693817138672
0.29014623165130615
0.2651654779911041
0.2100197821855545
0.24282538890838623
0.24472782015800476
0.22086374461650848
0.19958919286727905
0.2626640200614929
0.2551318109035492
0.19790682196617126
0.22494052350521088
0.21797385811805725
0.25600969791412354
0.28875428438186646
0.2770087420940399
0.2007955014705658
0.1986144781112671
0.19636088609695435
0.2395840287208557
0.24084585905075073
0.24510018527507782
0.2292538434267044
0.19236278533935547
0.21188859641551971
0.21867337822914124
0.23306722939014435
0.20100346207618713
0.21739782392978668
0.19382858276367188
0.2764846682548523
0.19126854836940765
0.2869050204753876
0.23157399892807007
0.19201044738292694
0.23300275206565857
0.2800414264202118
0.23336587846279144
0.21099774539470673
0.2568868398666382
0.26983386278152466
0.27183759212493896
0.18731899559497833
0.24440869688987732
0.0
0.27539995312690735
0.1890675276517868
0.1845027059316635
0.268291711807251
0.1922374963760376
0.1953667253255844
0.23918232321739197
0.2005102038383484
0.19872237741947174
0.17431113123893738
0.174953430891037
0.1783427596092224
0.1805730164051056
0.24498502910137177
0.1717326045036316
0.25475072860717773
0.1703673005104065
0.22567671537399292
0.16471406817436218
0.2305263876914978
0.16763675212860107
0.1605261266231537
0.2555887699127197
0.16997534036636353
0.16611315310001373
0.15806591510772705
0.21156257390975952
0.1877334713935852
0.15992245078086853
0.18466009199619293
0.15356455743312836
0.1558028906583786
0.16861414909362793
0.2752213180065155
0.1649969071149826
0.15155364573001862
0.15728826820850372
0.2775014042854309
0.263013631105423
0.19589346647262573
0.17589068412780762
0.1776856631040573
0.14791269600391388
0.12790043652057648
0.20746353268623352
0.15203076601028442
0.18597713112831116
0.1681157797574997
0.28472188115119934
0.14768141508102417
0.24394015967845917
0.16177944839000702
0.151637002825737
0.14695411920547485
0.2076490968465805
0.1428041011095047
0.2506764829158783
0.14535322785377502
0.1427367478609085
0.26961180567741394
0.24685046076774597
0.24832187592983246
0.20297837257385254
0.2872891128063202
0.24081741273403168
0.13984686136245728
0.136458158493042
0.28179556131362915
0.24759693443775177
0.2903316617012024
0.1502096801996231
0.2231931835412979
0.14155526459217072
0.323663592338562
0.28954416513442993
0.14384251832962036
0.13762278854846954
0.2309247851371765
0.1295679211616516
0.2620851695537567
0.1355663686990738
0.1492617428302765
0.12903784215450287
0.22934995591640472
0.3032030165195465
0.2079520970582962
0.22659768164157867
0.1248316690325737
0.13757777214050293
0.1261080652475357
0.1255784034729004
0.15804606676101685
0.24060368537902832
0.2730005383491516
0.11980300396680832
0.21799303591251373
0.2715352475643158
0.1971866339445114
0.12523916363716125
0.2130674570798874
0.13260532915592194
0.12252350151538849
0.11553450673818588
0.12461799383163452
0.1298321783542633
0.1202889084815979
0.12613578140735626
0.12705588340759277
0.12616749107837677
0.3037590980529785
0.21516205370426178
0.12942075729370117
0.12505266070365906
0.13238701224327087
0.11846628040075302
0.3025698661804199
0.11846611648797989
0.12604857981204987
0.12001989781856537
0.1238880455493927
0.2684674561023712
0.12513533234596252
0.12571598589420319
0.11557464301586151
0.3151768743991852
0.11440162360668182
0.1735578030347824
0.12683264911174774
0.13091300427913666
0.13799715042114258
0.09517905116081238
0.11778829246759415
0.2648964524269104
0.10458707809448242
0.28492358326911926
0.11063246428966522
0.11480927467346191
0.11832600086927414
0.10785416513681412
0.26245811581611633
0.11740566790103912
0.1101154237985611
0.11100580543279648
0.11110424995422363
0.1102890819311142
0.1323450356721878
0.2683330774307251
0.10026402771472931
0.10417532920837402
0.27755770087242126
0.11344235390424728
0.1960001140832901
0.17659494280815125
0.12185056507587433
0.12328943610191345
0.1138005256652832
0.10334866493940353
0.274379700422287
0.30012691020965576
0.10515610873699188
0.1079205572605133
0.11170749366283417
0.2822616696357727
0.32117167115211487
0.1034524068236351
0.3505840301513672
0.10589999705553055
0.09997851401567459
0.12344641983509064
0.10555833578109741
0.2575388252735138
0.27707505226135254
0.10257396847009659
0.16338884830474854
0.21807710826396942
0.10399041324853897
0.10781443864107132
0.11791621148586273
0.10601411759853363
0.2699430286884308
0.26962149143218994
0.32356327772140503
0.16551850736141205
0.20611411333084106
0.09705303609371185
0.10729639232158661
0.19384504854679108
0.2640151083469391
0.10496680438518524
0.10976796597242355
0.10898582637310028
0.10196267068386078
0.09848836064338684
0.10496509820222855
0.35496124625205994
0.08917688578367233
0.1060619056224823
0.32071781158447266
0.10575918108224869
0.22493374347686768
0.15923617780208588
0.2569800615310669
0.11160199344158173
0.10404706001281738
0.0
0.10216467082500458
0.18729788064956665
0.10505329072475433
0.3175068497657776
0.10854143649339676
0.11612027138471603
0.10353323072195053
0.24252568185329437
0.1040443480014801
0.10333746671676636
0.09964032471179962
0.3126581609249115
0.11097928136587143
0.15387140214443207
0.10608045011758804
0.09533730894327164
0.10276471078395844
0.10595661401748657
0.23894615471363068
0.10813605040311813
0.10875879973173141
0.10976725071668625
0.10715815424919128
0.11728181689977646
0.1997072547674179
0.09850530326366425
0.09699565917253494
0.28339213132858276
0.21197684109210968
0.2648640275001526
0.10043808817863464
0.08884193003177643
0.1097727119922638
0.16884483397006989
0.28789231181144714
0.09771031141281128
0.1072317510843277
0.1116417646408081
0.28012701869010925
0.09775237739086151
0.11018245667219162
0.10370980203151703
0.16981445252895355
0.10167041420936584
0.1970512717962265
0.20897841453552246
0.11273074150085449
0.10749641805887222
0.20612770318984985
0.10200630128383636
0.09282984584569931
0.1126394122838974
0.10691267997026443
0.09671714901924133
0.17626143991947174
0.10834833234548569
0.12828581035137177
0.0957808718085289
0.09826891124248505
0.09261754900217056
0.09754133224487305
0.10205990076065063
0.10767505317926407
0.09174630045890808
0.0993841215968132
0.23580053448677063
0.10106229782104492
0.2536461651325226
0.09972166270017624
0.21007823944091797
0.21734490990638733
0.20774875581264496
0.27149009704589844
0.1115546002984047
0.17535921931266785
0.1029202938079834
0.3355298638343811
0.10571093112230301
0.09497637301683426
0.14859053492546082
0.18733809888362885
0.10620052367448807
0.22640788555145264
0.22699208557605743
0.1015690416097641
0.11621376127004623
0.09815610200166702
0.09603570401668549
0.09553059190511703
0.25444573163986206
0.08454056829214096
